SUMMARY 0 0 0.000000 1.000000
SUMMARY 1 0 2.584906 0.530000
SUMMARY 2 0 4.949153 0.295000
SUMMARY 3 0 6.384615 0.130000
SUMMARY 4 0 7.333333 0.075000
SUMMARY 5 0 8.200000 0.025000
SUMMARY 6 0 8.500000 0.020000
SUMMARY 7 0 3.000000 0.005000
SUMMARY 8 0 4.666667 0.030000
SUMMARY 9 0 2.806452 0.155000
SUMMARY 0 1 2.037975 0.395000
SUMMARY 1 1 4.317460 0.315000
SUMMARY 2 1 5.384615 0.260000
SUMMARY 3 1 7.307692 0.130000
SUMMARY 4 1 7.666667 0.060000
SUMMARY 5 1 8.400000 0.025000
SUMMARY 6 1 -1.000000 0.000000
SUMMARY 7 1 5.000000 0.010000
SUMMARY 8 1 6.333333 0.015000
SUMMARY 9 1 4.352941 0.170000
SUMMARY 0 2 4.051282 0.195000
SUMMARY 1 2 5.054054 0.185000
SUMMARY 2 2 7.000000 0.210000
SUMMARY 3 2 6.461538 0.130000
SUMMARY 4 2 8.307692 0.065000
SUMMARY 5 2 9.000000 0.025000
SUMMARY 6 2 9.000000 0.010000
SUMMARY 7 2 5.000000 0.005000
SUMMARY 8 2 7.142857 0.035000
SUMMARY 9 2 5.461538 0.065000
SUMMARY 0 3 5.285714 0.070000
SUMMARY 1 3 6.909091 0.110000
SUMMARY 2 3 6.882353 0.085000
SUMMARY 3 3 7.800000 0.050000
SUMMARY 4 3 9.000000 0.010000
SUMMARY 5 3 -1.000000 0.000000
SUMMARY 6 3 -1.000000 0.000000
SUMMARY 7 3 -1.000000 0.000000
SUMMARY 8 3 7.000000 0.005000
SUMMARY 9 3 7.000000 0.040000
SUMMARY 0 4 6.444444 0.045000
SUMMARY 1 4 7.857143 0.035000
SUMMARY 2 4 8.909091 0.055000
SUMMARY 3 4 8.000000 0.020000
SUMMARY 4 4 10.000000 0.005000
SUMMARY 5 4 9.000000 0.015000
SUMMARY 6 4 -1.000000 0.000000
SUMMARY 7 4 -1.000000 0.000000
SUMMARY 8 4 -1.000000 0.000000
SUMMARY 9 4 -1.000000 0.000000
SUMMARY 0 5 7.666667 0.030000
SUMMARY 1 5 8.000000 0.040000
SUMMARY 2 5 7.666667 0.015000
SUMMARY 3 5 9.666667 0.030000
SUMMARY 4 5 9.000000 0.005000
SUMMARY 5 5 -1.000000 0.000000
SUMMARY 6 5 -1.000000 0.000000
SUMMARY 7 5 8.000000 0.005000
SUMMARY 8 5 -1.000000 0.000000
SUMMARY 9 5 -1.000000 0.000000
SUMMARY 0 6 7.200000 0.025000
SUMMARY 1 6 7.200000 0.050000
SUMMARY 2 6 7.500000 0.040000
SUMMARY 3 6 8.333333 0.030000
SUMMARY 4 6 10.000000 0.020000
SUMMARY 5 6 9.000000 0.010000
SUMMARY 6 6 -1.000000 0.000000
SUMMARY 7 6 -1.000000 0.000000
SUMMARY 8 6 8.000000 0.005000
SUMMARY 9 6 6.714286 0.035000
SUMMARY 0 7 5.117647 0.085000
SUMMARY 1 7 6.200000 0.100000
SUMMARY 2 7 6.857143 0.070000
SUMMARY 3 7 8.500000 0.060000
SUMMARY 4 7 8.250000 0.040000
SUMMARY 5 7 10.000000 0.010000
SUMMARY 6 7 -1.000000 0.000000
SUMMARY 7 7 10.000000 0.005000
SUMMARY 8 7 5.000000 0.005000
SUMMARY 9 7 7.400000 0.050000
SUMMARY 0 8 4.277778 0.180000
SUMMARY 1 8 5.000000 0.220000
SUMMARY 2 8 6.333333 0.150000
SUMMARY 3 8 7.588235 0.085000
SUMMARY 4 8 9.000000 0.060000
SUMMARY 5 8 8.333333 0.015000
SUMMARY 6 8 10.000000 0.005000
SUMMARY 7 8 9.000000 0.005000
SUMMARY 8 8 8.000000 0.010000
SUMMARY 9 8 4.500000 0.080000
SUMMARY 0 9 2.043478 0.460000
SUMMARY 1 9 3.631579 0.380000
SUMMARY 2 9 5.333333 0.210000
SUMMARY 3 9 7.142857 0.175000
SUMMARY 4 9 8.538462 0.065000
SUMMARY 5 9 8.800000 0.025000
SUMMARY 6 9 9.000000 0.005000
SUMMARY 7 9 10.000000 0.005000
SUMMARY 8 9 6.000000 0.020000
SUMMARY 9 9 3.481481 0.135000
